SURVEY: FOUNDATION
SNTYPE: 1
SNID: ATLAS16eej
RA: 358.0707031
DECL: -22.7555329
MWEBV: 0.0177 +- 0.0009
FILTERS: griz
REDSHIFT_HELIO: 0.0493720 +- 0.0001250
REDSHIFT_FINAL: 0.04826333633348323
SEARCH_PEAKMJD: 57762.22484
HOSTGAL_LOGMASS: 9.389 +- 0.014
VPEC: 142.107
VPEC_ERR: 250.000
PIXSIZE: 0.25  # arcsec

###########################
NOBS: 12
NVAR: 8
VARLIST:      MJD    FLT   FIELD      FLUXCAL     FLUXCALERR       MAG    MAGERR   PSF
OBS:  57762.22484      g    NULL    14605.313        292.760    17.089     0.022  1.99
OBS:  57766.22560      g    NULL    12992.817        345.795    17.216     0.029  2.83
OBS:  57776.23315      g    NULL     6505.527        177.776    17.967     0.030  2.40
OBS:  57762.22527      r    NULL    14100.300        256.965    17.127     0.020  1.81
OBS:  57766.22602      r    NULL    11709.477        264.174    17.329     0.024  2.36
OBS:  57776.23358      r    NULL     8182.141        169.596    17.718     0.022  1.77
OBS:  57762.22561      i    NULL     7190.660        169.692    17.858     0.026  1.52
OBS:  57766.22637      i    NULL     6064.157        226.205    18.043     0.040  2.44
OBS:  57776.23392      i    NULL     3840.781        131.279    18.539     0.037  1.57
OBS:  57762.22596      z    NULL     6006.151        190.265    18.054     0.034  1.52
OBS:  57766.22672      z    NULL     5999.768        240.990    18.055     0.043  1.93
OBS:  57776.23427      z    NULL     3515.743        187.170    18.635     0.058  1.58
END:
