SURVEY: FOUNDATION
SNTYPE: 1
SNID: ASASSN-15bm
RA: 226.4647121
DECL: -5.6271005
MWEBV: 0.0694 +- 0.0035
FILTERS: griz
REDSHIFT_HELIO: 0.0204316 +- 0.0001028
REDSHIFT_FINAL: 0.021096560045382518
SEARCH_PEAKMJD: 57055.65995
HOSTGAL_LOGMASS: 10.056 +- 0.002
VPEC: 325.840
VPEC_ERR: 250.000
PIXSIZE: 0.25  # arcsec

###########################
NOBS: 12
NVAR: 8
VARLIST:      MJD    FLT   FIELD      FLUXCAL     FLUXCALERR       MAG    MAGERR   PSF
OBS:  57049.65613      g    NULL    37515.646        531.430    16.064     0.015  1.97
OBS:  57055.65856      g    NULL    39626.369        558.203    16.005     0.015  2.08
OBS:  57073.65651      g    NULL    14945.085        216.877    17.064     0.016  1.79
OBS:  57049.65752      r    NULL    40020.114        559.716    15.994     0.015  1.95
OBS:  57055.65995      r    NULL    46649.628        651.831    15.828     0.015  1.91
OBS:  57073.65816      r    NULL    25241.369        356.955    16.495     0.015  2.42
OBS:  57049.65888      i    NULL    28959.634        408.014    16.346     0.015  1.68
OBS:  57073.65952      i    NULL    17287.384        247.875    16.906     0.016  1.72
OBS:  57055.66267      z    NULL    28502.054        410.990    16.363     0.016  1.78
OBS:  57073.66088      z    NULL    21316.480        308.780    16.678     0.016  1.49
OBS:  57073.66663      z    NULL    20702.568        336.453    16.710     0.018  1.82
OBS:  57115.63501      z    NULL     2887.367        159.875    18.849     0.060  1.89
END:
